MATRÍCULAS INCOMPLETAS
======================
10488 

126078 

126079 

126297 

129595 

129649 

129650 

129757 

130545 

130546 

130547 

130548 

130549 

130550 

130551 

130552 

130553 

130554 

130555 

130556 

130591 

131577 

131654 

132055 

132849 

132850 

133428 

133429 

133430 

133462 

133463 

133464 

133799 

134521 

135159 

135426 

136014 

136015 

136016 

136017 

136031 

136212 

136679 

137536 

138407 

138473 

139226 

139864 

140108 

140109 

140565 

147573 

149583 

152255 

152341 

155864 

156014 

161939 

166502 

167762 

167763 

167764 

173481 

40788 

